83 82 18 86 87 88 89 88 89 88 89 88 87 86 85 84
84 64 86 87 88 89 90 89 90 59 90 89 88 87 86 85
85 86 87 88 89 90 91 37 91 90 91 90 89 88 87 86
86 87 88 89 90 91 92 93 92 91 92 91 90 89 88 87
87 88 54 90 91 92 93 94 93 21 93 92 91 90 32 86
88 89 90 91 92 93 31 95 94 95 94 93 59 26 90 7
89 90 91 92 93 94 95 96 95 96 95 94 93 53 91 90
90 91 92 93 94 95 96 97 96 97 96 95 40 93 92 91
19 92 93 94 95 96 97 98 30 98 97 96 95 94 93 92
93 93 94 95 96 97 98 99 100 99 98 97 96 95 94 43
94 93 93 94 19 7 97 98 65 98 97 96 95 94 93 50
93 90 92 93 94 95 96 97 96 97 96 95 94 64 92 91
92 91 91 42 93 94 95 96 95 96 95 94 93 92 91 90
91 90 90 89 28 93 94 95 94 95 94 61 92 91 2 35
90 42 89 90 91 92 93 94 93 94 46 90 91 90 19 36
89 88 88 89 90 91 92 93 92 93 92 91 90 82 38 37
